1, 3, 6, 10, 15, 21, 28, 36, 45, 55, 
3, 9, 18, 38, 53, 95, 116, 188, 215, 325, 
6, 18, 54, 86, 116, 374, 416, 512, 1268, 1408, 
10, 38, 86, 374, 424, 826, 896, 5088, 5880, 6420, 
15, 53, 116, 424, 3599, 4031, 4136, 8368, 9205, 109745, 
21, 95, 374, 826, 4031, 51119, 51266, 56074, 62743, 164183, 
28, 116, 416, 896, 4136, 51266, 874956, 879820, 886552, 988062, 
36, 188, 512, 5088, 8368, 56074, 879820, 17661900, 17668704, 17771814, 
45, 215, 1268, 5880, 9205, 62743, 886552, 17668704, 405095997, 405199197, 
55, 325, 1408, 6420, 109745, 164183, 988062, 17771814, 405199197, 405302327, 
